43820597756.79885
34009560673.64997
23863173703.22748
13215487330.804798
12902710984.477825
11080091240.97479
9610244930.92825
8409518108.064502
7460296856.162512
4302499452.28173
2540072328.3267245
2029542017.1537087
1537538656.4389813
1189611382.5822816
955251190.8973491
794215898.2287035
670764768.8630203
609390445.909152
442427649.09206605
399057374.70305634
354042460.4496482
320569630.1738265
292230467.6066015
267993836.32611167
247077834.25757447
228880557.35022444
212932337.0942939
198862162.56818914
184291712.81339306
129519205.32554448
92821573.21044044
67676756.98017198
50084505.72072565
37539565.12848723
28439757.29733292
21738904.59846743
16739765.6088449
12968326.890427329
7891487.289990483
4865063.252307934
3024641.5410041
1890610.5463269728
1185831.7242722483
745404.2586083943
469203.32021047146
295603.83241527324
186336.9769839043
117500.47238217137
74109.84101896785
46749.02509028071
29492.21285270928
18606.565643388913
11739.247547369252
