1   0.1E06
2   0.11E06
3   0.12589254117941673E06
4   0.15848931924611137E06
5   0.16E06
6   0.17E06
7   0.18E06
8   0.19E06
9   0.199526231496888E06
10   0.25118864315095807E06
11   0.316227766016838E06
12   0.35E06
13   0.39810717055349737E06
14   0.45E06
15   0.5011872336272725E06
16   0.55E06
17   0.6E06
18   0.6309573444801935E06
19   0.75E06
20   0.7943282347242818E06
21   0.85E06
22   0.9E06
23   0.95E06
24   1E06
25   1.05E06
26   1.1E06
27   1.15E06
28   1.2E06
29   1.2589254117941673E06
30   1.5848931924611136E06
31   1.99526231496888E06
32   2.5118864315095806E06
33   3.16227766016838E06
34   3.9810717055349736E06
35   5.011872336272725E06
36   6.309573444801935E06
37   7.9432823472428185E06
38   10E06
39   15.848931924611136E06
40   25.118864315095806E06
41   39.810717055349734E06
42   63.09573444801935E06
43   100E06
44   158.48931924611136E06
45   251.18864315095806E06
46   398.1071705534974E06
47   630.9573444801935E06
48   1000E06
49   1584.8931924611136E06
50   2511.8864315095802E06
51   3981.071705534973E06
52   6309.573444801933E06
53   10000.000000000002E06
