# Rate in Ge from HP absorption with kappa=1e-14. 
#  mass/eV ; Rate/kg/d
1.00000e+00 1.80284e+00
1.04737e+00 1.95965e+00
1.09699e+00 2.13307e+00
1.14895e+00 2.32488e+00
1.20338e+00 2.51490e+00
1.26038e+00 2.94035e+00
1.32009e+00 3.26506e+00
1.38262e+00 3.38378e+00
1.44812e+00 3.89224e+00
1.51672e+00 4.65083e+00
1.58857e+00 5.28085e+00
1.66382e+00 5.58637e+00
1.74263e+00 5.94280e+00
1.82518e+00 6.46735e+00
1.91164e+00 7.29128e+00
2.00220e+00 9.36223e+00
2.09705e+00 1.29762e+01
2.19639e+00 1.70215e+01
2.30043e+00 1.99430e+01
2.40940e+00 2.44866e+01
2.52354e+00 2.79912e+01
2.64308e+00 3.00042e+01
2.76829e+00 3.10251e+01
2.89942e+00 3.09047e+01
3.03677e+00 3.02757e+01
3.18063e+00 3.02561e+01
3.33129e+00 3.05920e+01
3.48910e+00 3.07425e+01
3.65438e+00 3.06350e+01
3.82749e+00 2.97327e+01
4.00881e+00 2.82194e+01
4.19871e+00 2.50155e+01
4.39760e+00 2.24117e+01
4.60592e+00 2.89942e+01
4.82411e+00 3.65149e+01
5.05263e+00 4.63724e+01
5.29198e+00 5.09994e+01
5.54266e+00 6.08852e+01
5.80523e+00 5.34148e+01
6.08022e+00 7.69688e+01
6.36825e+00 1.04498e+02
6.66992e+00 1.22209e+02
6.98588e+00 1.48528e+02
7.31681e+00 1.68556e+02
7.66341e+00 1.98533e+02
8.02643e+00 2.39803e+02
8.40665e+00 2.89999e+02
8.80488e+00 3.23503e+02
9.22198e+00 3.59163e+02
9.65883e+00 4.19164e+02
1.01164e+01 4.75464e+02
1.05956e+01 4.92564e+02
1.10975e+01 5.06744e+02
1.16232e+01 5.15833e+02
1.21738e+01 5.17733e+02
1.27505e+01 5.11591e+02
1.33545e+01 4.89337e+02
1.39871e+01 4.55989e+02
1.46497e+01 4.10148e+02
1.53437e+01 3.63832e+02
1.60705e+01 3.19950e+02
1.68318e+01 2.79746e+02
1.76291e+01 2.73550e+02
1.84642e+01 2.68386e+02
1.93389e+01 2.62636e+02
2.02550e+01 2.49941e+02
2.12145e+01 2.29551e+02
2.22195e+01 2.09684e+02
2.32720e+01 1.90923e+02
2.43744e+01 1.74346e+02
2.55291e+01 1.58111e+02
2.67384e+01 1.25425e+02
2.80050e+01 1.04355e+02
2.93317e+01 1.12403e+02
3.07211e+01 1.36323e+02
3.21764e+01 1.30940e+02
3.37006e+01 1.18103e+02
3.52971e+01 1.06417e+02
3.69691e+01 9.57989e+01
3.87204e+01 8.75300e+01
4.05546e+01 8.19683e+01
4.24757e+01 7.67443e+01
4.44878e+01 7.19249e+01
4.65953e+01 6.88006e+01
4.88025e+01 6.57631e+01
5.11143e+01 6.28375e+01
5.35357e+01 6.06303e+01
5.60717e+01 5.85559e+01
5.87279e+01 5.65617e+01
6.15099e+01 5.46328e+01
6.44236e+01 5.27672e+01
6.74754e+01 5.12939e+01
7.06718e+01 4.98811e+01
7.40196e+01 4.85055e+01
7.75260e+01 4.71662e+01
8.11984e+01 4.51959e+01
8.50449e+01 4.23408e+01
8.90735e+01 3.96641e+01
9.32930e+01 3.81793e+01
9.77124e+01 3.68319e+01
1.02341e+02 3.43591e+01
1.07189e+02 3.18799e+01
1.12267e+02 2.95785e+01
1.17585e+02 2.83969e+01
1.23155e+02 2.83183e+01
1.28989e+02 2.77599e+01
1.35099e+02 2.49011e+01
1.41499e+02 2.33500e+01
1.48202e+02 2.18630e+01
1.55223e+02 2.03148e+01
1.62576e+02 1.86327e+01
1.70277e+02 1.69418e+01
1.78343e+02 1.54230e+01
1.86791e+02 1.40391e+01
1.95640e+02 1.27780e+01
2.04907e+02 1.16290e+01
2.14614e+02 1.05826e+01
2.24781e+02 9.62965e+00
2.35429e+02 8.77383e+00
2.46581e+02 8.00096e+00
2.58262e+02 7.29749e+00
2.70496e+02 6.65548e+00
2.83310e+02 6.06957e+00
2.96730e+02 5.50758e+00
3.10787e+02 4.98289e+00
3.25509e+02 4.50791e+00
3.40929e+02 4.07797e+00
3.57079e+02 3.69111e+00
3.73994e+02 3.34662e+00
3.91710e+02 3.03414e+00
4.10266e+02 2.69936e+00
4.29700e+02 2.39254e+00
4.50056e+02 2.12067e+00
4.71375e+02 1.87961e+00
4.93705e+02 1.66588e+00
5.17092e+02 1.49230e+00
5.41587e+02 1.20140e+00
5.67243e+02 1.03742e+00
5.94113e+02 8.95816e-01
6.22257e+02 7.73543e-01
6.51734e+02 6.61009e-01
6.82607e+02 5.62246e-01
7.14943e+02 4.78239e-01
7.48810e+02 4.06784e-01
7.84282e+02 3.46005e-01
8.21434e+02 2.94783e-01
8.60346e+02 2.52266e-01
9.01102e+02 2.15882e-01
9.43788e+02 1.84746e-01
9.88496e+02 1.58100e-01
1.03532e+03 1.35298e-01
1.08437e+03 1.15784e-01
1.13573e+03 9.90845e-02
1.18953e+03 8.47937e-02
1.24588e+03 3.63989e-01
1.30490e+03 4.17854e-01
1.36672e+03 3.68281e-01
1.43146e+03 3.24590e-01
1.49927e+03 2.85291e-01
1.57029e+03 2.43793e-01
1.64468e+03 2.08331e-01
1.72259e+03 1.78027e-01
1.80419e+03 1.52131e-01
1.88965e+03 1.30002e-01
1.97917e+03 1.11092e-01
2.07292e+03 9.45924e-02
2.17112e+03 8.01052e-02
2.27397e+03 6.78367e-02
2.38169e+03 5.74473e-02
2.49451e+03 4.86490e-02
2.61268e+03 4.11982e-02
2.73644e+03 3.48885e-02
2.86607e+03 2.95452e-02
3.00184e+03 2.50202e-02
3.14404e+03 2.11263e-02
3.29297e+03 1.78064e-02
3.44896e+03 1.50081e-02
3.61234e+03 1.26496e-02
3.78346e+03 1.06617e-02
3.96269e+03 8.98623e-03
4.15040e+03 7.57405e-03
4.34701e+03 6.38379e-03
4.55294e+03 5.38058e-03
4.76861e+03 4.53503e-03
4.99451e+03 3.82235e-03
5.23110e+03 3.21930e-03
5.47890e+03 2.71070e-03
5.73844e+03 2.28246e-03
6.01028e+03 1.92187e-03
6.29499e+03 1.61825e-03
6.59319e+03 1.36259e-03
6.90551e+03 1.14733e-03
7.23263e+03 9.66070e-04
7.57525e+03 8.13448e-04
7.93410e+03 6.84938e-04
8.30994e+03 5.76729e-04
8.70359e+03 4.85616e-04
9.11589e+03 4.08897e-04
9.54772e+03 3.44299e-04
1.00000e+04 2.95886e-04
