# Rate in Ge from ALP absorption with gae=1.e-12. 
#  mass/eV ; Rate/kg/d
1.00000e+00 1.66356e-04
1.04737e+00 2.03477e-04
1.09699e+00 2.48882e-04
1.14895e+00 3.04418e-04
1.20338e+00 3.73867e-04
1.26038e+00 5.03058e-04
1.32009e+00 6.40701e-04
1.38262e+00 7.58970e-04
1.44812e+00 1.02436e-03
1.51672e+00 1.43545e-03
1.58857e+00 1.90737e-03
1.66382e+00 2.48077e-03
1.74263e+00 3.22655e-03
1.82518e+00 4.26811e-03
1.91164e+00 6.10672e-03
2.00220e+00 1.07142e-02
2.09705e+00 1.83082e-02
2.19639e+00 2.45581e-02
2.30043e+00 2.81788e-02
2.40940e+00 2.99773e-02
2.52354e+00 3.04419e-02
2.64308e+00 3.11805e-02
2.76829e+00 3.22564e-02
2.89942e+00 3.43167e-02
3.03677e+00 3.96977e-02
3.18063e+00 4.59226e-02
3.33129e+00 5.28547e-02
3.48910e+00 6.08147e-02
3.65438e+00 7.02398e-02
3.82749e+00 8.16754e-02
4.00881e+00 9.63885e-02
4.19871e+00 1.17493e-01
4.39760e+00 1.02294e-01
4.60592e+00 7.34637e-02
4.82411e+00 5.88650e-02
5.05263e+00 5.33764e-02
5.29198e+00 5.29979e-02
5.54266e+00 5.55084e-02
5.80523e+00 6.03099e-02
6.08022e+00 5.05146e-02
6.36825e+00 4.70644e-02
6.66992e+00 4.38498e-02
6.98588e+00 4.09012e-02
7.31681e+00 4.01937e-02
7.66341e+00 3.94985e-02
8.02643e+00 3.88152e-02
8.40665e+00 3.81438e-02
8.80488e+00 3.87223e-02
9.22198e+00 3.96733e-02
9.65883e+00 3.77041e-02
1.01164e+01 3.63508e-02
1.05956e+01 3.69006e-02
1.10975e+01 3.74587e-02
1.16232e+01 3.80252e-02
1.21738e+01 3.86003e-02
1.27505e+01 3.91842e-02
1.33545e+01 3.97768e-02
1.39871e+01 4.03784e-02
1.46497e+01 4.09157e-02
1.53437e+01 4.14515e-02
1.60705e+01 4.19944e-02
1.68318e+01 4.25444e-02
1.76291e+01 4.31015e-02
1.84642e+01 4.36660e-02
1.93389e+01 4.42379e-02
2.02550e+01 4.34931e-02
2.12145e+01 4.16731e-02
2.22195e+01 3.99293e-02
2.32720e+01 3.83602e-02
2.43744e+01 3.73160e-02
2.55291e+01 3.63002e-02
2.67384e+01 3.07387e-02
2.80050e+01 2.75819e-02
2.93317e+01 3.28375e-02
3.07211e+01 4.44174e-02
3.21764e+01 4.66084e-02
3.37006e+01 4.56803e-02
3.52971e+01 4.47706e-02
3.69691e+01 4.38791e-02
3.87204e+01 4.37769e-02
4.05546e+01 4.48410e-02
4.24757e+01 4.59309e-02
4.44878e+01 4.71029e-02
4.65953e+01 4.93342e-02
4.88025e+01 5.16712e-02
5.11143e+01 5.41189e-02
5.35357e+01 5.72491e-02
5.60717e+01 6.06168e-02
5.87279e+01 6.41825e-02
6.15099e+01 6.79580e-02
6.44236e+01 7.19556e-02
6.74754e+01 7.66814e-02
7.06718e+01 8.17498e-02
7.40196e+01 8.71532e-02
7.75260e+01 9.29138e-02
8.11984e+01 9.76128e-02
8.50449e+01 1.00262e-01
8.90735e+01 1.02983e-01
9.32930e+01 1.08713e-01
9.77124e+01 1.15020e-01
1.02341e+02 1.17660e-01
1.07189e+02 1.19715e-01
1.12267e+02 1.21806e-01
1.17585e+02 1.28258e-01
1.23155e+02 1.40287e-01
1.28989e+02 1.50826e-01
1.35099e+02 1.48350e-01
1.41499e+02 1.52558e-01
1.48202e+02 1.56695e-01
1.55223e+02 1.59760e-01
1.62576e+02 1.60782e-01
1.70277e+02 1.60269e-01
1.78343e+02 1.59759e-01
1.86791e+02 1.59250e-01
1.95640e+02 1.58743e-01
2.04907e+02 1.58237e-01
2.14614e+02 1.57733e-01
2.24781e+02 1.57231e-01
2.35429e+02 1.56944e-01
2.46581e+02 1.56803e-01
2.58262e+02 1.56661e-01
2.70496e+02 1.56520e-01
2.83310e+02 1.56379e-01
2.96730e+02 1.55460e-01
3.10787e+02 1.54081e-01
3.25509e+02 1.52713e-01
3.40929e+02 1.51358e-01
3.57079e+02 1.50114e-01
3.73994e+02 1.49148e-01
3.91710e+02 1.48188e-01
4.10266e+02 1.44485e-01
4.29700e+02 1.40347e-01
4.50056e+02 1.36327e-01
4.71375e+02 1.32423e-01
4.93705e+02 1.28630e-01
5.17092e+02 1.24946e-01
5.41587e+02 1.10345e-01
5.67243e+02 1.04525e-01
5.94113e+02 9.90119e-02
6.22257e+02 9.37895e-02
6.51734e+02 8.79181e-02
6.82607e+02 8.20348e-02
7.14943e+02 7.65452e-02
7.48810e+02 7.14229e-02
7.84282e+02 6.66434e-02
8.21434e+02 6.22842e-02
8.60346e+02 5.84704e-02
9.01102e+02 5.48902e-02
9.43788e+02 5.15292e-02
9.88496e+02 4.83741e-02
1.03532e+03 4.54121e-02
1.08437e+03 4.26314e-02
1.13573e+03 4.00211e-02
1.18953e+03 3.75705e-02
1.24588e+03 1.76919e-01
1.30490e+03 2.22798e-01
1.36672e+03 2.15410e-01
1.43146e+03 2.08268e-01
1.49927e+03 2.00807e-01
1.57029e+03 1.88240e-01
1.64468e+03 1.76459e-01
1.72259e+03 1.65416e-01
1.80419e+03 1.55064e-01
1.88965e+03 1.45360e-01
1.97917e+03 1.36263e-01
2.07292e+03 1.27278e-01
2.17112e+03 1.18238e-01
2.27397e+03 1.09841e-01
2.38169e+03 1.02040e-01
2.49451e+03 9.47925e-02
2.61268e+03 8.80601e-02
2.73644e+03 8.18059e-02
2.86607e+03 7.59959e-02
3.00184e+03 7.05985e-02
3.14404e+03 6.53927e-02
3.29297e+03 6.04618e-02
3.44896e+03 5.59027e-02
3.61234e+03 5.16873e-02
3.78346e+03 4.77899e-02
3.96269e+03 4.41863e-02
4.15040e+03 4.08544e-02
4.34701e+03 3.77738e-02
4.55294e+03 3.49255e-02
4.76861e+03 3.22919e-02
4.99451e+03 2.98570e-02
5.23110e+03 2.75853e-02
5.47890e+03 2.54800e-02
5.73844e+03 2.35354e-02
6.01028e+03 2.17392e-02
6.29499e+03 2.00801e-02
6.59319e+03 1.85476e-02
6.90551e+03 1.71321e-02
7.23263e+03 1.58246e-02
7.57525e+03 1.46169e-02
7.93410e+03 1.35013e-02
8.30994e+03 1.24709e-02
8.70359e+03 1.15191e-02
9.11589e+03 1.06400e-02
9.54772e+03 9.82799e-03
1.00000e+04 9.26520e-03
